image: /home/xlqmu/ws/src/RMUC24_real/nav/map/nav20241029.pgm
resolution: 0.050000
origin: [-204.824982, -204.824982, 0.000000]
negate: 0
occupied_thresh: 0.65
free_thresh: 0.196

